000000001 147533
000000010 178601
000000012 3284
000000021 2999
000000100 182474
000000102 7164
000000112 303
000000120 3483
000000121 536
000000201 3982
000000210 2440
000000211 2
000001000 492973
000001002 15016
000001012 972
000001020 19915
000001021 595
000001102 1132
000001120 715
000001122 0
000001200 23101
000001201 711
000001210 1843
000001212 122
000001221 -99
000002001 2019
000002010 2745
000002011 -95
000002100 5798
000002101 -74
000002110 103
000002112 0
000002121 -78
000002211 0
000010000 6875581
000010002 217723
000010012 13345
000010020 210357
000010021 5694
000010102 23781
000010120 17573
000010122 683
000010200 156467
000010201 12913
000010210 8751
000010212 540
000010221 -321
000011002 17249
000011020 9451
000011022 1740
000011122 -36
000011200 35146
000011202 1842
000011212 303
000011220 2933
000011221 4
000012000 204822
000012001 2153
000012010 16162
000012012 1033
000012021 -504
000012100 185930
000012102 10825
000012112 1515
000012120 4569
000012121 -552
000012201 151
000012210 -361
000012211 -150
000020001 5083
000020010 155433
000020011 9424
000020100 5030
000020101 467
000020110 2053
000020112 2
000020121 425
000020211 772
000021000 25112
000021001 204
000021010 161198
000021012 9243
000021021 324
000021100 526
000021102 101
000021112 707
000021120 21
000021121 21
000021201 0
000021210 12132
000021211 610
000022011 -276
000022101 0
000022110 0
000022111 -198
000100000 182200
000100002 7896
000100012 202
000100020 5669
000100021 23
000100102 107
000100120 595
000100122 0
000100200 3821
000100201 0
000100210 225
000100212 101
000100221 0
000101002 1420
000101020 835
000101022 202
000101122 0
000101200 111
000101202 303
000101212 0
000101220 101
000101221 0
000102000 7711
000102001 387
000102010 303
000102012 0
000102021 0
000102100 204
000102102 -99
000102120 -15
000102121 0
000102201 122
000102210 0
000102211 101
000110002 7617
000110020 14055
000110022 1115
000110122 0
000110200 7451
000110202 420
000110212 4
000110220 1113
000110221 0
000111022 -99
000111202 -693
000111220 -297
000112000 10478
000112002 1010
000112012 202
000112020 873
000112021 -57
000112102 1717
000112120 103
000112122 0
000112200 616
000112201 21
000112210 -97
000112212 305
000112221 -99
000120000 7606
000120001 202
000120010 2015
000120012 227
000120021 0
000120100 810
000120102 810
000120112 -99
000120120 0
000120121 0
000120201 101
000120210 -99
000120211 -99
000121000 707
000121002 202
000121012 707
000121020 425
000121021 42
000121102 0
000121120 0
000121200 101
000121201 0
000121210 1111
000121212 101
000121221 0
000122001 0
000122010 42
000122011 0
000122100 303
000122101 0
000122110 0
000122112 0
000122211 0
000200001 3331
000200010 2568
000200011 406
000200100 3794
000200101 4
000200110 202
000200112 0
000200121 -78
000200211 0
000201000 16454
000201001 18620
000201010 204
000201012 0
000201021 -342
000201100 366
000201102 42
000201112 0
000201120 122
000201121 155
000201201 2234
000201210 2
000201211 2329
000202011 0
000202101 0
000202110 0
000210000 187752
000210001 8305
000210010 7599
000210012 1094
000210021 780
000210100 10029
000210102 862
000210112 1626
000210120 174
000210121 -99
000210201 618
000210210 875
000210211 202
000211000 9398
000211002 1700
000211012 0
000211020 1961
000211021 2
000211102 -57
000211120 42
000211122 63
000211200 3337
000211201 410
000211210 1012
000211212 0
000211221 -295
000212001 -188
000212010 -188
000212011 -297
000212100 1704
000212101 -594
000212110 311
000212112 404
000212121 -297
000212211 -198
000220011 8
000220101 101
000220110 21
000220111 -99
000221001 340
000221010 7976
000221011 -93
000221100 0
000221101 -297
000221110 227
000221112 0
000221121 -99
000221211 4
001000000 160299
001000002 3795
001000012 0
001000020 2347
001000021 122
001000102 103
001000120 105
001000122 0
001000200 2036
001000201 -156
001000210 101
001000212 0
001000221 0
001001002 450
001001020 717
001001022 -99
001001122 0
001001200 1540
001001202 202
001001212 0
001001220 0
001001221 0
001002000 2265
001002001 -114
001002010 103
001002012 101
001002021 -99
001002100 2415
001002102 0
001002112 0
001002120 -198
001002121 -99
001002201 0
001002210 0
001010002 12282
001010020 6874
001010022 7148
001010122 -990
001010200 12735
001010202 24462
001010212 197
001010220 0
001010221 271
001011022 816
001011202 1725
001011220 0
001011222 101
001012000 1126
001012002 103
001012012 0
001012020 2
001012021 -93
001012102 -495
001012120 -891
001012200 84
001012201 286
001012210 -72
001012212 -78
001012221 -78
001020000 142549
001020001 2273
001020010 4590
001020012 0
001020021 2800
001020100 5777
001020102 2
001020112 0
001020120 526
001020121 3080
001020201 -175
001020210 4064
001020211 498
001021000 11595
001021002 1132
001021012 1658
001021020 1222
001021021 -297
001021102 0
001021120 202
001021122 0
001021200 244
001021201 0
001021210 511
001021212 143
001022001 -99
001022010 326
001022011 0
001022100 8060
001022101 265
001022110 206
001022112 0
001022121 526
001022211 101
001100002 305
001100020 505
001100022 -99
001100122 0
001100200 505
001100202 0
001100212 0
001100220 101
001100221 0
001101022 0
001101202 101
001101220 0
001101222 0
001102000 124
001102002 0
001102012 101
001102020 0
001102021 0
001102102 0
001102120 -78
001102122 0
001102200 0
001102201 0
001102212 0
001110022 715
001110202 1725
001110220 202
001110222 303
001112002 202
001112020 202
001112022 1012
001112122 -99
001112200 126
001112202 303
001112212 0
001112220 0
001112221 0
001120000 120340
001120002 8296
001120012 7627
001120020 6139
001120021 65
001120102 101
001120120 349
001120122 406
001120200 6339
001120201 366
001120210 953
001120212 1582
001120221 204
001121002 101
001121020 6777
001121022 606
001121122 505
001121200 829
001121202 101
001121212 324
001121220 1212
001121221 -99
001122000 5699
001122001 101
001122010 509
001122012 715
001122021 0
001122100 11740
001122102 610
001122112 204
001122120 557
001122121 816
001122201 0
001122210 0
001122211 0
001200000 2383
001200001 2
001200010 21
001200012 0
001200021 -99
001200100 4
001200102 103
001200112 0
001200120 0
001200121 0
001200201 0
001200210 0
001201000 206
001201002 42
001201012 0
001201020 -99
001201021 -99
001201102 0
001201120 0
001201200 2
001201201 -99
001201210 0
001202001 0
001202010 0
001202100 -99
001202101 0
001202110 0
001202121 0
001210000 20282
001210002 940
001210012 -78
001210020 711
001210021 101
001210102 -297
001210120 0
001210200 1012
001210201 909
001210210 21
001210212 65
001210221 101
001211002 202
001211020 6
001211022 101
001211122 0
001211200 1414
001211202 404
001211212 101
001211220 101
001211221 -99
001212000 1446
001212001 311
001212010 713
001212012 -99
001212021 -99
001212100 -990
001212112 -99
001212121 -99
001212201 0
001212210 -198
001212211 -198
001220001 -196
001220010 101
001220011 0
001220100 2
001220101 0
001220110 0
001220121 204
001220211 -99
001221000 406
001221001 -396
001221010 1414
001221012 101
001221100 -99
001221102 0
001221112 0
001221120 0
001221121 -99
001221210 303
001221211 -297
001222101 0
001222110 0
002000001 119428
002000010 3560
002000011 2640
002000100 146693
002000101 6037
002000110 8483
002000112 707
002000121 6580
002000211 202
002001000 21354
002001001 11711
002001010 707
002001012 0
002001021 873
002001100 4041
002001102 46
002001112 0
002001120 166
002001121 246
002001201 808
002001210 2
002001211 101
002002011 6
002002101 248
002002110 610
002002111 -396
002010000 5493650
002010001 160248
002010010 308812
002010012 32040
002010021 12332
002010100 4965203
002010102 299389
002010112 60401
002010120 247740
002010121 30995
002010201 6732
002010210 18286
002010211 8849
002011000 82427
002011002 15542
002011012 1613
002011020 1615
002011021 -114
002011102 25803
002011120 5647
002011122 -222
002011200 5276
002011201 608
002011210 22110
002011212 -2970
002011221 -198
002012001 5461
002012010 36794
002012011 721
002012100 426823
002012101 22337
002012110 70702
002012112 127462
002012121 -1272
002012211 -1782
002020011 10134
002020101 101
002020110 406
002020111 -495
002021001 610
002021010 7187
002021011 16204
002021100 406
002021101 0
002021110 101
002021112 0
002021121 223
002021211 1919
002100000 9262
002100001 4067
002100010 2
002100012 0
002100021 2
002100100 2644
002100102 2949
002100112 505
002100120 103
002100121 326
002100201 303
002100210 0
002100211 0
002101000 429
002101002 101
002101012 0
002101020 0
002101021 101
002101102 4
002101120 0
002101122 -99
002101200 0
002101201 101
002101210 0
002101221 0
002102001 126
002102010 101
002102011 0
002102100 0
002102101 0
002102110 101
002102112 0
002102121 -99
002102211 101
002110000 83490
002110002 9322
002110012 1616
002110020 16012
002110021 742
002110102 22112
002110120 41552
002110122 3971
002110200 2955
002110201 -392
002110210 420
002110212 2
002110221 -594
002111002 -693
002111020 -198
002111122 -990
002111200 -198
002111212 -1386
002111221 -198
002112000 14670
002112001 610
002112010 913
002112012 2222
002112021 21
002112100 43570
002112102 8282
002112120 5566
002112121 87
002112201 -198
002112210 -198
002112211 -594
002120001 505
002120010 505
002120011 1212
002120100 0
002120101 0
002120110 406
002120112 0
002120121 0
002120211 101
002121000 21
002121001 101
002121010 101
002121012 0
002121021 202
002121100 122
002121102 2
002121112 0
002121120 0
002121121 0
002121201 0
002121210 0
002122011 0
002122110 505
002122111 0
002200011 305
002200101 2
002200110 528
002200111 -99
002201001 1719
002201010 0
002201011 2
002201100 610
002201101 0
002201110 21
002201112 21
002201121 0
002201211 202
002210001 5285
002210010 16935
002210011 416
002210100 219219
002210101 11404
002210110 25937
002210112 5283
002210121 -357
002210211 1224
002211000 5123
002211001 103
002211010 795
002211012 -36
002211021 -99
002211100 202152
002211102 5265
002211112 507
002211120 7062
002211121 -60
002211201 2
002211210 2038
002211211 4058
002212011 -297
002212101 -6534
002212110 3347
002212111 -3069
002221011 1921
002221101 0
002221110 -99
002221111 -198
010000000 176824
010000002 176902
010000012 6461
010000020 0
010000021 2
010000102 4454
010000120 42
010000122 0
010000200 0
010000201 124
010000210 202
010000212 -97
010000221 0
010001002 7768
010001020 1012
010001022 404
010001122 0
010001200 309
010001202 303
010001212 101
010001220 101
010001221 0
010002000 -78
010002001 21
010002010 202
010002012 0
010002021 0
010002100 204
010002102 4151
010002112 103
010002120 0
010002121 21
010002201 0
010002210 0
010010002 14519
010010020 7460
010010022 732
010010122 -97
010010200 100946
010010202 113561
010010212 -7128
010010220 404
010010221 -95
010011022 505
010011202 102578
010011220 404
010011222 13837
010012000 1767
010012002 707
010012012 -99
010012020 225
010012021 -135
010012102 4759
010012120 5627
010012122 713
010012200 103
010012201 -36
010012210 -99
010012221 0
010020000 0
010020001 21
010020010 3579
010020012 8717
010020021 0
010020100 324
010020102 101
010020112 505
010020120 0
010020121 0
010020201 0
010020210 101
010020211 101
010021000 404
010021002 7339
010021012 21508
010021020 0
010021021 101
010021102 204
010021120 0
010021122 0
010021200 0
010021210 10001
010021212 2529
010021221 0
010022001 0
010022010 0
010022011 21
010022100 0
010022112 0
010022121 0
010022211 0
010100002 148491
010100020 202
010100022 9007
010100122 309
010100200 0
010100202 7488
010100212 707
010100220 0
010101022 505
010101202 1313
010101220 0
010101222 1818
010102000 303
010102002 9199
010102012 1010
010102020 0
010102102 1719
010102120 63
010102122 101
010102200 0
010102201 0
010102212 202
010110022 1416
010110202 11158
010110220 0
010110222 3131
010112002 303
010112020 648
010112022 0
010112122 101
010112200 305
010112202 2024
010112212 -297
010112220 0
010112221 0
010120000 202
010120002 8694
010120012 606
010120020 0
010120102 9298
010120122 408
010120200 0
010120201 0
010120210 0
010120212 0
010121002 404
010121020 101
010121022 0
010121122 606
010121200 0
010121202 0
010121212 2222
010121220 0
010122000 0
010122010 0
010122012 404
010122100 101
010122102 1416
010122112 101
010122120 0
010200000 0
010200001 23
010200010 0
010200012 204
010200021 103
010200100 143
010200102 303
010200112 101
010200120 0
010200121 0
010200201 0
010200210 0
010201000 101
010201002 303
010201012 505
010201020 202
010201021 -78
010201102 0
010201120 0
010201200 0
010201201 101
010201210 0
010201212 0
010201221 0
010202001 0
010202010 0
010202100 0
010202112 0
010202121 0
010210000 131387
010210002 7897
010210012 -495
010210020 13872
010210021 1689
010210102 189
010210120 318
010210122 21
010210200 7296
010210201 307
010210210 -396
010210221 206
010211002 913
010211020 3318
010211022 303
010211122 63
010211200 9411
010211202 22272
010211212 -2475
010211220 404
010211221 2
010212000 5122
010212001 -291
010212010 -792
010212021 -297
010212100 -489
010212102 -91
010212112 -99
010212120 -1089
010212121 -594
010212201 -196
010212211 -198
010220001 0
010220010 101
010220011 -99
010220100 0
010220101 0
010220110 0
010220112 0
010220211 0
010221000 0
010221001 202
010221010 6510
010221012 1245
010221021 0
010221102 -99
010221112 303
010221121 0
010221201 101
010221210 1214
010221211 404
010222011 0
011000002 4555
011000020 2
011000022 404
011000122 0
011000200 101
011000202 505
011000212 -99
011000220 0
011001022 0
011001202 101
011001220 0
011001222 0
011002000 101
011002002 204
011002012 0
011002020 0
011002102 202
011002120 0
011002122 0
011002200 0
011002212 0
011010022 1721
011010202 26403
011010220 303
011010222 5050
011012002 2
011012020 101
011012022 105
011012122 -198
011012200 0
011012202 1723
011012212 -297
011012220 0
011012221 21
011020000 4168
011020002 103
011020012 202
011020020 23
011020021 21
011020102 101
011020120 0
011020122 0
011020200 404
011020201 0
011020210 -99
011020212 2
011020221 0
011021002 2
011021020 -198
011021022 0
011021200 101
011021202 0
011021212 303
011021220 0
011022000 101
011022001 0
011022010 0
011022012 0
011022021 21
011022100 711
011022102 103
011022112 101
011022120 -99
011022121 0
011022210 0
011022211 0
011100022 305
011100202 404
011100220 0
011100222 0
011102002 911
011102022 2
011102122 -99
011102202 303
011102212 0
011112022 206
011112202 2626
011112222 3030
011120002 808
011120020 324
011120022 303
011120122 -99
011120200 5481
011120202 5561
011120212 1622
011120220 0
011120221 0
011121022 404
011121202 5656
011121220 1111
011121222 2222
011122000 103
011122002 103
011122012 1113
011122020 0
011122021 21
011122102 2224
011122120 63
011122122 -198
011122200 0
011122212 -396
011122221 0
011200000 303
011200002 507
011200012 2
011200020 0
011200021 0
011200102 305
011200122 0
011200200 0
011200212 0
011201002 0
011201020 0
011201200 -99
011201202 0
011201220 0
011202000 0
011202012 0
011202100 0
011202102 0
011210002 2935
011210020 10970
011210022 1111
011210122 0
011210200 2
011210202 4864
011210212 -396
011210220 1414
011210221 606
011211022 1111
011211202 27674
011211220 1717
011211222 5959
011212000 6819
011212002 -99
011212012 -99
011212020 -2574
011212021 -990
011212102 -198
011212120 -891
011212200 6912
011212201 7409
011212210 -495
011212221 -1980
011220000 204
011220001 303
011220010 103
011220012 2
011220021 0
011220100 0
011220102 406
011220112 0
011220121 -99
011220201 0
011220210 -99
011220211 0
011221000 0
011221002 -99
011221012 1117
011221020 -198
011221021 0
011221102 307
011221120 -99
011221122 -198
011221200 2
011221201 0
011221210 707
011221212 -297
011222001 303
011222010 0
011222100 101
011222112 101
011222121 0
012000000 0
012000001 2173
012000010 0
012000012 -99
012000021 124
012000100 2861
012000102 204
012000112 0
012000120 101
012000121 -36
012000201 103
012000210 0
012000211 0
012001000 511
012001002 126
012001012 0
012001020 101
012001021 772
012001102 -78
012001120 0
012001122 21
012001200 -99
012001201 103
012001210 0
012001212 0
012001221 -99
012002001 0
012002010 0
012002011 -99
012002100 0
012002101 21
012002110 0
012002112 202
012002121 -99
012002211 0
012010000 72051
012010002 2228
012010012 -891
012010020 1679
012010021 6
012010102 228760
012010120 199583
012010122 14366
012010200 117
012010201 -93
012010210 -792
012010221 -495
012011002 452
012011020 305
012011022 347
012011122 -168
012011200 4
012011202 5469
012011212 -3267
012011220 0
012011221 -297
012012000 69102
012012001 -180
012012010 -2772
012012021 -15
012012100 117568
012012102 338047
012012120 196314
012012121 303
012012201 -297
012012211 -693
012020001 -99
012020010 0
012020011 507
012020100 2779
012020101 63
012020110 0
012020112 505
012020121 0
012020211 505
012021000 0
012021001 101
012021010 101
012021012 1216
012021021 1010
012021100 728
012021102 0
012021112 101
012021120 0
012021121 21
012021201 0
012021210 505
012022011 0
012022101 0
012100000 0
012100002 6791
012100012 406
012100020 0
012100021 0
012100102 5880
012100120 0
012100122 1117
012100201 0
012100212 202
012101002 707
012101020 0
012101022 101
012101122 -198
012101200 0
012101202 0
012101212 0
012101221 0
012102000 0
012102001 21
012102010 0
012102012 101
012102021 0
012102102 808
012102120 0
012102121 -99
012102201 0
012102211 101
012110002 2
012110020 223
012110022 -99
012110122 8597
012110200 406
012110202 818
012110212 -396
012110220 0
012110221 -297
012111022 -198
012111202 -2475
012112000 1944
012112002 0
012112020 2750
012112021 -78
012112120 41612
012112122 50904
012112200 305
012112201 -297
012112210 0
012112221 -495
012120000 0
012120001 0
012120010 0
012120012 0
012120100 2270
012120102 1422
012120112 808
012120120 27
012120121 0
012121000 0
012121002 303
012121012 1313
012121020 0
012121021 202
012121102 1517
012121120 126
012121122 -297
012121212 2222
012121221 202
012122001 0
012122100 0
012122110 505
012122112 606
012122121 -99
012122211 101
012200001 101
012200011 0
012200100 -78
012200101 0
012200110 -99
012200112 0
012200121 21
012201000 101
012201001 404
012201010 0
012201012 0
012201021 21
012201100 21
012201102 0
012201120 0
012201121 0
012201201 0
012201211 101
012202011 0
012202101 0
012202110 -99
012202111 -99
012210000 1843
012210001 311
012210010 -1188
012210021 -177
012210100 3410
012210102 1635
012210112 -1782
012210120 5415
012210121 -33
012210201 -93
012210211 -99
012211000 101
012211002 0
012211012 0
012211020 42
012211021 -57
012211102 5931
012211120 10815
012211122 8694
012211200 101
012211201 8
012211210 -198
012211221 -792
012212001 -495
012212011 -297
012212100 6
012212101 -3069
012212110 -693
012212121 -6336
012220011 2
012220101 0
012220110 0
012220111 -99
012221001 0
012221010 909
012221011 202
012221100 21
012221101 0
012221110 0
012221112 0
012221121 0
012221211 202
020000001 5287
020000010 4824
020000011 307
020000100 4731
020000101 -95
020000110 204
020000112 0
020000121 -99
020000211 0
020001000 20147
020001001 210
020001010 507
020001012 0
020001021 2
020001100 953
020001102 1155
020001112 0
020001120 0
020001121 0
020001201 -99
020001210 0
020001211 0
020002011 -99
020002101 -97
020002110 0
020002111 0
020010000 185250
020010001 11298
020010010 14088
020010012 568
020010021 117
020010100 13656
020010102 1382
020010112 101
020010120 220
020010121 4
020010201 412
020010210 412
020010211 808
020011000 24645
020011002 2055
020011012 101
020011020 1220
020011021 1733
020011102 4035
020011120 614
020011122 -99
020011200 2282
020011201 101
020011210 2684
020011212 -78
020011221 -198
020012001 16
020012010 469
020012011 2
020012100 6512
020012101 622
020012110 6
020012112 0
020012121 -594
020012211 -51
020020011 309
020020101 0
020020110 101
020020111 0
020021001 101
020021010 8190
020021011 1323
020021100 0
020021101 0
020021110 408
020021112 0
020021121 0
020021211 101
020100000 5257
020100001 303
020100010 507
020100012 0
020100021 0
020100100 202
020100102 0
020100120 2
020100121 0
020100201 0
020100210 0
020101000 509
020101002 101
020101012 0
020101020 -196
020101021 0
020101102 0
020101120 0
020101200 101
020101201 0
020101210 0
020102001 0
020102010 -99
020102011 0
020102100 0
020102101 0
020102110 0
020102211 0
020110000 22406
020110002 1317
020110012 223
020110020 -81
020110021 -297
020110102 606
020110120 -196
020110122 0
020110200 929
020110201 -97
020110210 185
020110212 21
020110221 -297
020111002 -297
020111020 -495
020111122 0
020111200 -396
020111212 -99
020111221 -99
020112000 1241
020112001 0
020112010 246
020112012 21
020112021 -99
020112100 7605
020112102 911
020112112 1010
020112120 -891
020112121 -396
020112201 21
020112210 21
020112211 0
020120001 101
020120010 1641
020120011 204
020120100 0
020120101 0
020120110 0
020120112 -99
020120211 0
020121000 0
020121001 0
020121010 8315
020121012 303
020121021 0
020121112 0
020121210 1334
020121211 101
020122011 0
020200011 2
020200101 -99
020200110 0
020200111 0
020201001 923
020201010 202
020201011 1018
020201100 0
020201101 202
020201110 101
020201112 0
020201121 2
020201211 -95
020210001 816
020210010 1687
020210011 818
020210100 353
020210101 101
020210110 202
020210112 63
020210121 -99
020210211 -196
020211000 2144
020211001 0
020211010 2975
020211012 21
020211021 0
020211100 410
020211102 111
020211112 105
020211120 -198
020211121 -198
020211201 101
020211210 627
020211211 404
020212011 -198
020212101 -297
020212110 -297
020212111 -297
020221011 -594
020221101 -99
020221110 -78
020221111 -297
021000000 1640
021000001 202
021000010 305
021000012 0
021000021 0
021000100 101
021000102 0
021000120 -99
021000121 0
021000201 0
021000210 0
021001000 814
021001002 -99
021001012 -99
021001020 101
021001021 0
021001102 0
021001120 0
021001200 21
021001201 -99
021001210 0
021001212 0
021002001 84
021002010 0
021002011 0
021002100 0
021002101 0
021002121 0
021010000 5714
021010002 446
021010012 42
021010020 -297
021010021 -99
021010102 0
021010120 -297
021010200 5338
021010201 -72
021010210 462
021010212 735
021010221 -297
021011002 101
021011020 0
021011022 814
021011122 -198
021011200 227
021011202 2
021011212 6
021011220 0
021011221 -297
021012000 27
021012001 147
021012010 -36
021012012 21
021012021 -99
021012100 -495
021012112 0
021012121 -198
021012201 42
021012210 84
021012211 153
021020001 -97
021020010 101
021020011 -99
021020100 101
021020101 -99
021020110 0
021020121 2525
021020211 21
021021000 309
021021001 -198
021021010 46
021021012 143
021021100 0
021021112 21
021021120 101
021021210 105
021021211 0
021022011 0
021022101 0
021022110 204
021022111 -99
021100000 225
021100002 -99
021100012 0
021100020 0
021100102 0
021100120 101
021100122 0
021100200 0
021101002 101
021101020 0
021101022 0
021101200 0
021101202 0
021102000 0
021102001 0
021102010 0
021102012 0
021102120 0
021110002 2
021110020 511
021110022 103
021110122 -99
021110200 5600
021110202 709
021110212 147
021110220 6025
021110221 -1782
021111022 -198
021111202 -99
021111220 -1584
021112000 42
021112002 0
021112012 21
021112020 -99
021112021 -99
021112102 -99
021112120 -297
021112200 231
021112201 63
021112210 21
021112212 168
021112221 -891
021120000 7345
021120001 730
021120010 446
021120012 1052
021120021 0
021120100 606
021120102 101
021120112 -99
021120120 0
021120201 2
021120210 21
021120211 -99
021121000 467
021121002 42
021121012 1477
021121020 909
021121102 101
021121122 0
021121200 42
021121201 0
021121210 84
021121212 168
021122001 829
021122010 0
021122011 0
021122100 1618
021122101 2525
021122110 -99
021122112 -297
021122121 3131
021122211 0
021200001 303
021200010 425
021200011 101
021200100 0
021200101 0
021200110 0
021200211 0
021201000 202
021201001 -198
021201010 0
021201012 0
021201100 0
021201121 0
021201211 -99
021202011 101
021202111 0
021210000 1045
021210001 0
021210010 2074
021210012 42
021210021 0
021210100 -99
021210112 0
021210121 0
021210201 -99
021210210 101
021210211 -198
021211000 2
021211002 0
021211012 0
021211020 -99
021211021 0
021211102 -99
021211120 -198
021211200 526
021211201 -99
021211210 1212
021211212 105
021212001 -297
021212010 -594
021212011 -297
021212101 -198
021212110 -396
021212211 -495
021220011 0
021220101 0
021221010 -99
021221011 -297
021221100 0
021221101 -99
021221110 21
021221112 42
022000011 707
022000101 2
022000110 7244
022000111 -495
022001001 1113
022001010 101
022001011 0
022001100 101
022001101 0
022001110 204
022001112 0
022001121 2
022001211 0
022010001 143071
022010010 29255
022010011 8595
022010100 305075
022010101 28429
022010110 55879
022010112 7356
022010121 4086
022010211 2636
022011000 6592
022011001 8803
022011010 1073
022011012 1750
022011021 515
022011100 20176
022011102 7288
022011112 10175
022011120 2640
022011121 4060
022011201 513
022011210 5175
022011211 6591
022012011 814
022012101 4201
022012110 2840
022012111 -2079
022021011 3236
022021110 208
022021111 -99
022100001 505
022100010 101
022100011 0
022100100 0
022100101 0
022100110 505
022100112 202
022100121 101
022101000 0
022101001 0
022101010 0
022101021 0
022101100 0
022101102 0
022101112 101
022101121 0
022101201 0
022102110 0
022110000 5868
022110001 124590
022110010 1822
022110012 2
022110021 6017
022110100 248075
022110102 20345
022110112 23634
022110120 15131
022110121 28194
022110201 7249
022110210 6
022110211 10770
022111000 -198
022111012 -198
022111021 -1188
022111102 -1089
022111120 -693
022111201 -693
022111210 -99
022112001 8722
022112010 303
022112011 1822
022112100 32243
022112101 17119
022112110 31512
022112112 8989
022112121 -8613
022112211 -3465
022120011 101
022120110 0
022120111 0
022121001 0
022121010 7183
022121011 1818
022121100 0
022121110 1016
022121112 -297
022121211 404
022201011 0
022201101 0
022201110 0
022210011 406
022210101 3553
022210110 5707
022210111 -990
022211001 101
022211010 3198
022211011 808
022211100 17077
022211101 20488
022211110 9691
022211112 1785
022211121 -7029
022211211 -2178
100000000 178576
100000002 751
100000012 42
100000020 172852
100000021 6745
100000102 326
100000120 3658
100000122 -99
100000200 1033
100000201 105
100000210 42
100000212 0
100000221 305
100001002 1174
100001020 26557
100001022 27363
100001122 -207
100001200 909
100001202 0
100001212 21
100001220 0
100001221 0
100002000 610
100002001 105
100002010 505
100002012 0
100002021 -99
100002100 202
100002102 0
100002120 0
100002121 -198
100002201 0
100002210 0
100010002 159578
100010020 296574
100010022 443540
100010122 6915
100010200 8098
100010202 10337
100010212 649
100010220 -99
100010221 -297
100011022 73241
100011202 1111
100011220 2626
100011222 73023
100012000 3446
100012002 1828
100012012 223
100012020 101
100012021 -198
100012102 10413
100012120 208
100012122 8175
100012200 0
100012201 -99
100012210 2
100012212 223
100020000 1115
100020001 507
100020010 3206
100020012 63
100020021 5607
100020100 1828
100020102 122
100020112 0
100020120 3652
100020121 526
100020201 0
100020210 122
100020211 0
100021000 225
100021002 42
100021012 576
100021020 202
100021021 5220
100021102 0
100021120 305
100021122 -99
100021200 0
100021210 568
100021212 749
100021221 -99
100022001 2
100022010 505
100022011 -99
100022100 0
100022101 0
100022110 101
100022112 0
100022121 101
100022211 0
100100002 206
100100020 3767
100100022 709
100100122 0
100100200 265
100100202 0
100100212 0
100100220 202
100100221 0
100101022 511
100101202 0
100101220 101
100101222 101
100102000 103
100102002 0
100102020 305
100102021 0
100102102 -99
100102120 -99
100102200 467
100102201 42
100102210 0
100102221 0
100110022 23031
100110202 608
100110220 1212
100110222 2727
100112002 202
100112020 2
100112022 20195
100112122 -5643
100112200 810
100112202 101
100112212 606
100112220 808
100112221 -99
100120000 124
100120002 0
100120012 -99
100120020 406
100120021 303
100120102 -99
100120120 -495
100120200 0
100120201 0
100120210 0
100120212 0
100120221 0
100121002 0
100121020 0
100121022 101
100121122 0
100121200 0
100121212 749
100121220 0
100121221 0
100122000 0
100122001 0
100122010 0
100122012 0
100122021 0
100122100 0
100122121 0
100122201 21
100122211 0
100200000 404
100200001 23
100200010 288
100200012 -99
100200021 2
100200100 267
100200102 -99
100200112 0
100200120 0
100200121 23
100200201 0
100200210 0
100201000 185
100201002 21
100201012 0
100201020 0
100201021 -99
100201102 42
100201120 0
100201122 -276
100201200 0
100201201 -99
100201210 -99
100201212 0
100201221 0
100202001 -99
100202010 0
100202011 0
100202100 0
100202101 0
100202121 0
100210000 8116
100210002 9149
100210012 128
100210020 2
100210021 -198
100210102 934
100210120 0
100210122 -129
100210200 -99
100210201 -198
100210210 -57
100210212 42
100211002 1828
100211020 202
100211022 3467
100211122 -114
100211200 202
100211202 324
100211212 21
100211220 0
100211221 -198
100212000 -99
100212001 -198
100212010 -198
100212012 0
100212100 3476
100212102 317
100212112 816
100212120 -198
100212121 -198
100212210 -198
100212211 -198
100220001 223
100220010 3099
100220011 608
100220100 101
100220101 101
100220110 204
100220112 0
100220121 303
100220211 0
100221000 0
100221001 854
100221010 389
100221012 0
100221021 -234
100221100 0
100221102 0
100221120 0
100221121 21
100221201 0
100221210 101
100221211 303
100222011 202
100222101 0
100222110 303
101000002 2
101000020 6991
101000022 4
101000122 -99
101000200 -99
101000202 0
101000220 204
101000221 206
101001022 1919
101001202 0
101001220 0
101001222 1717
101002000 -74
101002002 0
101002012 0
101002020 305
101002021 -99
101002120 0
101002122 0
101002200 0
101002221 -99
101010022 24414
101010202 2026
101010220 101
101010222 3535
101012002 -99
101012020 -99
101012022 20463
101012122 -5346
101012200 0
101012202 42
101012212 84
101012220 0
101012221 -99
101020000 5159
101020002 101
101020012 0
101020020 11031
101020021 709
101020102 2
101020120 14766
101020122 -592
101020200 0
101020201 0
101020210 3288
101020212 105
101020221 -198
101021002 0
101021020 204
101021022 101
101021122 -97
101021200 21
101021202 0
101021212 147
101021220 0
101021221 -198
101022000 0
101022001 2
101022010 627
101022012 0
101022021 -99
101022100 606
101022102 101
101022112 101
101022120 1517
101022121 1919
101022201 0
101022210 3684
101022211 3842
101100022 101
101100220 303
101100222 0
101102020 404
101102022 0
101102200 42
101102202 0
101102220 0
101102221 0
101112022 47756
101112202 202
101112220 707
101112222 52823
101120002 288
101120020 709
101120022 -99
101120122 -297
101120200 -135
101120202 -99
101120212 -57
101120220 0
101120221 303
101121022 606
101121202 0
101121220 101
101121222 202
101122000 -135
101122002 -99
101122012 -198
101122020 -99
101122021 0
101122102 -297
101122120 -99
101122200 -78
101122201 21
101122210 -36
101122212 -297
101122221 0
101200000 202
101200002 0
101200012 -99
101200020 204
101200021 -99
101200102 -99
101200120 0
101200122 -99
101200200 0
101200212 0
101200221 0
101201002 42
101201020 0
101201022 0
101201122 -198
101201200 0
101201202 0
101202000 -99
101202001 0
101202010 0
101202012 -99
101202021 -99
101202100 -99
101202102 0
101202112 0
101202120 -99
101202121 0
101210002 368
101210020 505
101210022 1828
101210122 -297
101210200 -99
101210202 -99
101210212 6
101210220 -99
101210221 0
101211022 2834
101211202 0
101211220 0
101211222 3131
101212000 -396
101212002 -198
101212012 -99
101212020 -99
101212021 -99
101212102 -198
101212120 -198
101212200 -99
101212201 0
101212210 -198
101212212 -297
101220000 0
101220001 4
101220010 202
101220012 0
101220021 -99
101220100 101
101220102 -99
101220112 0
101220120 509
101220121 707
101220201 0
101220210 0
101220211 0
101221000 0
101221002 0
101221012 0
101221020 -99
101221021 -198
101221102 0
101221120 408
101221122 -495
101221200 0
101221210 0
101221212 0
101222001 0
101222010 202
101222100 0
101222112 101
101222121 1010
101222211 3737
102000000 408
102000001 4048
102000010 101
102000012 0
102000021 427
102000100 1408
102000102 303
102000112 0
102000120 202
102000121 1052
102000201 4147
102000210 0
102000211 105
102001000 427
102001002 0
102001020 0
102001021 0
102001102 -99
102001120 -99
102001122 -114
102001200 1113
102001201 2123
102001210 0
102001212 0
102001221 0
102002001 406
102002010 303
102002011 0
102002100 303
102002101 507
102002110 0
102002121 -297
102002211 202
102010000 69931
102010002 3556
102010012 2352
102010020 1012
102010021 -495
102010102 23619
102010120 8228
102010122 1544
102010200 1319
102010201 -99
102010210 -93
102010212 309
102011002 122
102011020 23
102011022 1628
102011122 231
102011200 -99
102011202 0
102011212 -1386
102011220 0
102011221 -198
102012000 65511
102012001 -1188
102012010 5454
102012012 6161
102012100 357279
102012102 62115
102012120 24801
102012121 -7425
102012210 -99
102012211 -792
102020001 0
102020010 103
102020011 709
102020100 2123
102020101 2401
102020110 -198
102020112 0
102020121 1578
102020211 101
102021000 -99
102021001 202
102021010 0
102021012 290
102021021 404
102021100 -78
102021102 0
102021112 21
102021120 0
102021121 1961
102021201 101
102021210 0
102022011 608
102022101 3058
102022110 0
102022111 -396
102100000 2
102100002 -99
102100012 0
102100020 204
102100021 202
102100102 -198
102100120 -198
102100200 0
102100201 3939
102100221 202
102101002 0
102101020 0
102101022 101
102101122 -198
102101200 0
102101220 0
102101221 0
102102000 0
102102001 2
102102010 0
102102021 0
102102100 0
102102121 -198
102102201 0
102102211 202
102110002 305
102110020 -95
102110022 915
102110122 -891
102110200 3745
102110202 4353
102110212 1517
102110220 0
102110221 -198
102111022 -495
102111202 -495
102112000 1012
102112002 1212
102112020 -99
102112021 -99
102112120 -7425
102112200 -99
102112201 -99
102112210 0
102112212 2222
102120000 0
102120001 101
102120010 0
102120012 0
102120021 505
102120100 0
102120121 0
102120201 3737
102121000 0
102121012 101
102121021 808
102121102 -99
102121212 808
102121221 101
102122001 101
102122011 101
102122101 -396
102122110 0
102122211 303
102200001 0
102200010 101
102200011 101
102200100 103
102200101 0
102200110 0
102200121 42
102200211 2
102201000 0
102201001 1515
102201010 0
102201021 0
102201100 0
102201102 0
102201112 0
102201120 0
102201121 0
102201201 404
102201210 0
102201211 101
102202011 0
102202101 101
102202111 0
102210000 1664
102210001 -198
102210010 1300
102210012 1862
102210100 6986
102210102 1397
102210112 9826
102210120 75
102210121 -396
102210210 -99
102210211 -99
102211000 -99
102211002 0
102211012 -57
102211020 0
102211021 0
102211102 798
102211120 762
102211122 2079
102211200 -99
102211201 -198
102211210 -198
102211212 -1584
102212010 0
102212011 -99
102212100 35040
102212101 -5346
102212110 10405
102212112 21311
102220011 0
102220101 -177
102220110 0
102220111 -99
102221001 2567
102221010 387
102221011 3939
102221100 21
102221101 -15
102221110 63
102221112 84
102221121 147
102221211 4343
110000002 5687
110000020 6215
110000022 7793
110000122 202
110000200 0
110000202 0
110000212 -99
110000220 -198
110000221 -99
110001022 1336
110001202 0
110001220 0
110001222 202
110002000 -198
110002002 101
110002012 0
110002020 4
110002021 0
110002102 303
110002120 101
110002122 0
110002200 0
110002212 0
110002221 0
110010022 357726
110010202 16570
110010220 -99
110010222 40501
110012002 101
110012020 202
110012022 16537
110012122 31252
110012200 0
110012202 103
110012212 0
110012220 0
110020000 0
110020002 0
110020012 122
110020020 101
110020021 366
110020102 21
110020120 -198
110020122 0
110020210 0
110020212 0
110020221 0
110021002 42
110021020 0
110021022 -99
110021122 -99
110021202 0
110021212 105
110021221 0
110022000 0
110022001 -99
110022010 101
110022012 0
110022021 -99
110022102 0
110022120 0
110022121 101
110022201 0
110022210 0
110100022 7080
110100202 303
110100220 0
110100222 404
110102002 6066
110102020 406
110102022 814
110102122 -198
110102200 0
110102202 505
110102212 202
110102220 0
110112022 4444
110112202 2828
110112220 101
110112222 1010
110120002 103
110120020 0
110120022 309
110120122 -198
110120202 0
110121022 608
110121222 707
110122002 2
110122012 303
110122020 0
110122021 0
110122102 -99
110122201 0
110122212 0
110200000 0
110200002 21
110200012 -99
110200020 21
110200021 -99
110200102 0
110200120 21
110200122 0
110200212 0
110200221 0
110201002 21
110201020 0
110201022 202
110201122 -78
110201202 0
110202000 0
110202001 -99
110202012 0
110202021 0
110202102 0
110202120 0
110202201 -99
110202211 0
110210002 14073
110210020 1054
110210022 33029
110210122 696
110210200 103
110210202 404
110210212 0
110210220 0
110210221 -198
110211022 37386
110211202 3840
110211220 101
110211222 41006
110212000 313
110212002 2
110212012 0
110212020 -297
110212021 -396
110212102 410
110212120 -495
110212122 -8019
110212200 -198
110212201 0
110212210 -99
110220001 0
110220010 2348
110220012 86
110220021 21
110220100 0
110220102 0
110220112 122
110220120 -99
110220121 21
110220210 202
110220211 0
110221002 0
110221012 -9
110221021 -57
110221102 0
110221120 -99
110221122 -198
110221201 0
110221210 810
110221212 -495
110221221 -99
110222001 0
110222010 404
110222112 101
110222121 101
111000022 -693
111000202 0
111000220 -99
111002002 -99
111002020 -99
111002221 -99
111012022 -3960
111012202 -198
111020002 -99
111020020 -99
111020122 -297
111020200 0
111020212 -99
111020221 -99
111021022 -99
111022000 0
111022021 -198
111022102 -99
111022120 -198
111022210 -99
111102022 -99
111102202 0
111120022 -198
111120202 -198
111122002 -99
111122020 -99
111122122 -198
111122200 0
111122212 -693
111200002 0
111200020 -99
111200122 0
111201022 0
111202000 0
111202012 -99
111202021 -99
111202120 -99
111202201 -99
111210022 -1782
111210202 -495
111210220 -99
111212002 -198
111212020 -990
111212122 -8019
111212200 -198
111212212 -297
111212221 -1980
111220000 0
111220012 -99
111220021 -99
111220102 -99
111220120 -99
111220210 -99
111221002 -99
111221020 -99
111221122 -891
111221200 -99
111221212 -792
111221221 -99
112000000 -99
112000002 2
112000012 -99
112000020 3859
112000021 202
112000102 101
112000120 223
112000122 303
112000200 0
112000201 -99
112000212 -99
112000221 -99
112001002 0
112001020 505
112001022 1536
112001122 0
112001200 0
112001220 0
112001221 -99
112002000 0
112002001 0
112002010 202
112002012 0
112002021 0
112002100 0
112002102 303
112002120 303
112002121 -198
112002201 0
112002210 0
112002211 0
112010002 0
112010020 202
112010022 298925
112010122 46871
112010200 515
112010202 408
112010212 -396
112010220 -99
112010221 -297
112011022 23116
112011202 11019
112011220 0
112011222 34441
112012000 2135
112012002 101
112012020 101
112012021 0
112012120 201394
112012122 285931
112012200 2745
112012201 -693
112012210 -495
112020000 0
112020001 0
112020010 0
112020012 21
112020021 547
112020100 122
112020102 21
112020112 0
112020120 -99
112020121 42
112020201 0
112021000 -99
112021002 42
112021012 336
112021020 -99
112021021 1435
112021102 21
112021120 0
112021122 -99
112021200 0
112021212 303
112021221 1414
112022001 0
112022010 101
112022011 707
112022100 0
112022101 3751
112022121 -792
112022211 303
112100002 406
112100020 3232
112100022 9805
112100122 -297
112100202 202
112100212 202
112100220 0
112100221 202
112101022 1822
112101202 0
112101222 2020
112102002 5555
112102020 0
112102120 0
112102212 202
112102221 0
112110022 256944
112110202 5757
112110220 0
112110222 24442
112112020 101
112112022 241592
112112200 4040
112112202 7171
112112220 0
112112221 -495
112120002 0
112120012 0
112120020 0
112120021 0
112120102 -297
112120120 -198
112120212 202
112120221 202
112121002 0
112121020 -99
112121022 -396
112121122 -792
112121220 0
112122001 101
112122010 0
112122012 303
112122021 0
112122121 -891
112122201 101
112200000 -99
112200001 101
112200010 0
112200012 -99
112200021 -99
112200100 0
112200102 0
112200112 0
112200120 42
112200121 84
112200201 -99
112200211 2
112201000 0
112201002 21
112201012 0
112201020 0
112201021 0
112201102 0
112201120 0
112201122 21
112201201 303
112201221 -99
112202001 0
112202010 202
112202011 0
112202101 101
112202110 202
112202112 202
112202121 -99
112202211 -99
112210000 65
112210002 223
112210012 -198
112210020 63
112210021 -198
112210102 505
112210120 1134
112210122 2940
112210200 -297
112210201 -99
112210210 -99
112211002 42
112211020 0
112211022 651
112211122 14385
112211200 -297
112211202 -594
112211212 -2178
112211220 -297
112211221 -1188
112212000 709
112212001 -297
112212010 0
112212100 34241
112212102 35552
112212120 -396
112212121 -6831
112212211 -99
112220001 101
112220010 1658
112220011 202
112220100 122
112220101 101
112220110 202
112220112 21
112220121 147
112220211 101
112221000 0
112221001 606
112221010 2487
112221012 588
112221021 63
112221100 42
112221102 42
112221112 735
112221120 21
112221121 378
112221201 909
112221210 3333
112222011 606
112222101 4646
112222110 202
120000000 1403
120000001 303
120000010 526
120000012 0
120000021 608
120000100 303
120000102 -99
120000112 0
120000120 610
120000121 -99
120000201 -99
120000210 42
120000211 0
120001000 1723
120001002 42
120001012 0
120001020 1723
120001021 303
120001102 0
120001120 812
120001122 105
120001200 0
120001201 0
120001210 0
120001212 0
120001221 0
120002001 0
120002010 122
120002011 -99
120002100 0
120002101 -97
120002110 0
120002121 0
120002211 0
120010000 128457
120010002 134802
120010012 124859
120010020 -99
120010021 -99
120010102 3006
120010120 -198
120010122 -1386
120010200 -99
120010201 -99
120010210 -57
120010212 2403
120011002 1791
120011020 0
120011022 2551
120011122 -891
120011200 -99
120011202 -99
120011212 -228
120011220 0
120011221 -99
120012000 4
120012001 -99
120012010 404
120012012 9266
120012100 109
120012102 515
120012112 1626
120012120 -198
120012121 -396
120012210 0
120012211 -99
120020001 404
120020010 -97
120020011 2
120020100 202
120020101 0
120020110 0
120020121 0
120020211 0
120021000 406
120021001 0
120021010 149
120021012 -15
120021021 5353
120021100 101
120021102 0
120021112 21
120021120 1212
120021210 63
120021211 101
120022011 0
120022101 -97
120022110 0
120022111 -99
120100000 202
120100002 -99
120100012 0
120100020 2751
120100021 507
120100102 0
120100120 -99
120100200 0
120100201 0
120100210 0
120100221 101
120101002 -99
120101020 2549
120101022 2757
120101122 -693
120101200 101
120101202 0
120101220 202
120101221 0
120102000 -99
120102001 0
120102010 -78
120102012 0
120102021 -99
120102100 0
120102121 -99
120102201 21
120102210 0
120102211 0
120110002 4155
120110020 -95
120110022 1325
120110122 -792
120110200 21
120110202 324
120110212 258
120110220 101
120110221 -99
120111022 -1683
120111202 -99
120111220 0
120112000 0
120112002 0
120112012 8227
120112020 -99
120112021 -198
120112102 -198
120112120 -396
120112200 -99
120112201 -99
120112210 21
120112212 525
120120000 21
120120001 0
120120010 0
120120012 -99
120120021 505
120120100 0
120120112 0
120121000 101
120121002 0
120121012 -99
120121020 0
120121200 0
120121210 1212
120121212 42
120122010 21
120122011 0
120122101 -99
120122110 0
120200001 0
120200010 42
120200011 0
120200100 366
120200101 -99
120200110 42
120200112 0
120200121 -99
120201000 164
120201001 -99
120201010 0
120201021 -198
120201100 0
120201102 21
120201112 0
120201120 202
120201121 101
120201201 -99
120201210 -99
120201211 -198
120202011 0
120202101 -99
120202110 0
120202111 0
120210000 -99
120210001 0
120210010 168
120210012 2208
120210100 63
120210102 6
120210112 -72
120210120 -99
120210121 -99
120210210 -99
120210211 -198
120211000 -15
120211002 84
120211012 462
120211020 0
120211021 -99
120211102 315
120211120 -99
120211122 -891
120211200 -99
120211201 -99
120211210 -78
120211212 294
120212010 -99
120212011 -198
120212100 -891
120212101 -396
120212110 -396
120212112 -1287
120220011 408
120220101 0
120220110 2
120220111 -198
120221001 2
120221010 -78
120221011 -297
120221100 0
120221101 2
120221110 -99
120221112 21
120221121 202
120221211 -198
121000000 -36
121000002 63
121000012 0
121000020 406
121000021 -99
121000102 -99
121000120 -99
121000122 -99
121000200 0
121000201 -99
121000210 42
121000212 0
121000221 305
121001002 42
121001020 1723
121001022 202
121001122 404
121001200 21
121001202 0
121001220 0
121001221 0
121002000 -74
121002001 0
121002010 -78
121002012 0
121002021 -99
121002100 4
121002102 -99
121002112 -99
121002120 -99
121002121 0
121002201 0
121002210 0
121010002 2901
121010020 -99
121010022 3945
121010122 -792
121010200 6
121010202 622
121010212 3318
121010220 0
121010221 -198
121011022 8793
121011202 101
121011222 9191
121012000 -99
121012002 -99
121012012 147
121012020 -99
121012021 -99
121012102 -99
121012120 -99
121012200 0
121012201 0
121012210 0
121012212 840
121020000 0
121020001 505
121020010 -99
121020012 0
121020021 909
121020100 202
121020102 -99
121020112 0
121020120 14039
121020201 0
121020210 168
121020211 21
121021000 709
121021002 0
121021012 84
121021020 2323
121021122 505
121021200 42
121021201 0
121021210 210
121021212 399
121022001 101
121022010 21
121022011 0
121022100 101
121022101 202
121022110 404
121022112 -99
121022121 1616
121022211 126
121100002 63
121100020 303
121100022 101
121100122 -99
121100202 0
121100220 404
121100221 606
121101022 4444
121101220 303
121101222 808
121102000 -99
121102002 0
121102020 404
121102021 404
121102120 -99
121102200 42
121102201 42
121102210 0
121102221 0
121110022 2123
121110202 1334
121110220 9595
121110222 13130
121112020 -99
121112022 -4257
121112122 -4257
121112200 210
121112202 231
121112212 1764
121112220 -99
121112221 -990
121120000 5319
121120002 578
121120012 -99
121120020 6060
121120102 -198
121120200 84
121120201 101
121120210 252
121120212 42
121120221 1010
121121002 698
121121022 4848
121121200 0
121121202 294
121121212 945
121121220 0
121122000 -36
121122001 21
121122010 105
121122012 -198
121122021 404
121122100 -99
121122112 -594
121122201 84
121122210 420
121122211 630
121200000 0
121200001 303
121200010 0
121200012 0
121200021 0
121200100 303
121200102 -99
121200120 0
121200121 0
121200201 -99
121200210 0
121200211 0
121201000 202
121201002 84
121201012 0
121201020 309
121201021 -99
121201102 0
121201120 610
121201122 -297
121201200 0
121201201 -99
121201210 0
121202001 0
121202010 -99
121202011 101
121202100 202
121202101 202
121202110 0
121202112 0
121202121 0
121202211 0
121210000 -99
121210002 84
121210012 2007
121210020 -99
121210021 0
121210102 -198
121210120 -99
121210200 -198
121210201 -99
121210210 -99
121210212 5019
121211002 105
121211020 -198
121211022 -693
121211122 -1881
121211200 -78
121211202 126
121211212 5544
121211220 -198
121211221 -198
121212000 -99
121212001 -99
121212010 -297
121212012 -396
121212100 -396
121212112 -1683
121212210 -297
121212211 -792
121220001 810
121220010 -99
121220011 1414
121220100 404
121220101 101
121220110 202
121220112 0
121220121 101
121220211 0
121221000 204
121221001 -198
121221010 -78
121221012 63
121221100 606
121221102 0
121221112 126
121221120 2020
121221210 -99
121221211 -297
121222011 1515
121222101 404
121222110 606
122000001 2
122000010 404
122000011 0
122000100 202
122000101 0
122000110 21
122000112 0
122000121 -99
122000211 2
122001000 223
122001001 303
122001010 0
122001021 0
122001100 0
122001102 -99
122001112 0
122001120 -97
122001121 2
122001201 2022
122001211 2022
122002011 -99
122002101 0
122002110 0
122010000 1969
122010001 -8217
122010010 932
122010012 114222
122010100 11668
122010102 3987
122010112 26238
122010120 -1980
122010121 -1485
122010210 -99
122010211 -198
122011000 63
122011002 231
122011012 837
122011020 0
122011021 0
122011102 105
122011120 -1089
122011122 -1188
122011200 -99
122011201 0
122011210 -99
122011212 -2178
122012010 0
122012011 -99
122012100 299525
122012101 -13167
122012110 325321
122012112 353197
122020011 -99
122020101 -198
122020110 -198
122020111 -99
122021001 0
122021010 206
122021011 2729
122021100 -99
122021101 0
122021110 -297
122021112 -198
122021121 2020
122021211 5050
122100000 -99
122100001 101
122100010 202
122100012 0
122100021 0
122100100 0
122100112 0
122100121 -99
122100201 101
122100210 0
122100211 0
122101000 -99
122101002 -99
122101012 0
122101020 -99
122101021 0
122101102 -99
122101120 -198
122101200 0
122101201 202
122101221 0
122102001 -99
122102010 -99
122102011 -99
122102101 -99
122102110 -99
122102211 -99
122110000 4
122110002 3549
122110012 100911
122110020 -198
122110021 -99
122110102 -1584
122110120 -1188
122110200 0
122110201 -792
122110210 -99
122110212 -10791
122111002 -297
122111020 -198
122111122 -1188
122111200 -99
122111212 -12969
122112000 -99
122112001 -297
122112010 0
122112012 119584
122112100 -11583
122112121 -8613
122112210 -99
122112211 -3663
122120001 101
122120010 202
122120011 -99
122120101 -99
122120110 -198
122120211 0
122121000 101
122121001 101
122121010 6070
122121012 -594
122121021 707
122121100 -99
122121112 -1089
122121201 303
122121210 7777
122122011 -99
122122111 -99
122200011 0
122200101 0
122200110 63
122200111 0
122201001 0
122201110 21
122201112 21
122201121 -99
122201211 -198
122210010 63
122210011 0
122210100 90
122210101 -495
122210110 168
122210112 1008
122211000 -15
122211001 -99
122211010 84
122211012 3024
122211100 567
122211102 1575
122211112 7413
122211120 -990
122211121 -8118
122211210 -198
122211211 -2574
122212110 -297
122212111 -297
122221011 -297
122221101 -198
122221110 -198
122221111 -693
200000001 5404
200000010 3747
200000011 606
200000100 5781
200000101 -36
200000110 2
200000112 0
200000121 0
200000211 0
200001000 351874
200001001 28915
200001010 12742
200001012 505
200001021 252
200001100 9117
200001102 909
200001112 202
200001120 959
200001121 21
200001201 1218
200001210 305
200001211 404
200002011 103
200002101 -198
200002110 0
200002111 -99
200010000 219560
200010001 4742
200010010 4761
200010012 507
200010021 105
200010100 19161
200010102 1125
200010112 202
200010120 1001
200010121 206
200010201 15788
200010210 711
200010211 507
200011000 465109
200011002 10838
200011012 11315
200011020 23644
200011021 180
200011102 206
200011120 1000
200011122 -198
200011200 47645
200011201 61583
200011210 1719
200011212 1420
200011221 1034
200012001 309
200012010 309
200012011 0
200012100 5483
200012101 290
200012110 513
200012112 202
200012121 -255
200012211 0
200020011 305
200020101 126
200020110 1727
200020111 -198
200021001 1014
200021010 131392
200021011 8320
200021100 1212
200021101 0
200021110 9114
200021112 1313
200021121 21
200021211 2432
200100000 134978
200100001 5485
200100010 4374
200100012 404
200100021 166
200100100 4793
200100102 505
200100112 202
200100120 429
200100121 0
200100201 63
200100210 147
200100211 0
200101000 19487
200101002 1319
200101012 101
200101020 1134
200101021 21
200101102 4
200101120 1618
200101122 103
200101200 517
200101201 2
200101210 -99
200101212 0
200101221 -99
200102001 488
200102010 345
200102011 915
200102100 0
200102101 -78
200102110 0
200102112 0
200102121 0
200102211 0
200110000 8977
200110002 828
200110012 -97
200110020 1096
200110021 124
200110102 1222
200110120 2455
200110122 -396
200110200 4944
200110201 321
200110210 193
200110212 -396
200110221 -99
200111002 -891
200111020 -1485
200111122 -297
200111200 -1683
200111212 -198
200111221 -495
200112000 692
200112001 0
200112010 0
200112012 0
200112021 42
200112100 1414
200112102 0
200112112 202
200112120 -99
200112121 -99
200112201 399
200112210 -78
200112211 84
200120001 324
200120010 206
200120011 0
200120100 0
200120101 0
200120110 -297
200120112 0
200120211 -99
200121000 1515
200121001 202
200121010 7476
200121012 1212
200121021 42
200121100 0
200121102 0
200121120 101
200121121 21
200121201 0
200121210 404
200121211 208
200122011 -57
200122101 -78
200122110 -198
200122111 -198
200200011 0
200200101 2
200200110 101
200200111 0
200201001 38281
200201010 204
200201011 37862
200201100 202
200201101 -32
200201110 0
200201112 0
200201121 138
200201211 5656
200210001 6903
200210010 814
200210011 107
200210100 894
200210101 549
200210110 202
200210112 -198
200210121 -57
200210211 0
200211000 25765
200211001 3962
200211010 1317
200211012 519
200211021 101
200211100 2344
200211102 -198
200211112 -297
200211120 84
200211121 357
200211201 7979
200211210 909
200212011 -198
200212101 -198
200212110 -99
200212111 -99
200221011 1347
200221101 -99
200221110 8098
200221111 -1683
201000000 3284
201000001 -297
201000010 303
201000012 0
201000021 -78
201000100 202
201000102 305
201000112 101
201000120 -99
201000121 0
201000201 21
201000210 0
201001000 10326
201001002 103
201001012 -99
201001020 -95
201001021 -297
201001102 0
201001120 0
201001200 1620
201001201 -297
201001210 2
201001212 0
201002001 -99
201002010 0
201002011 0
201002100 202
201002101 0
201002110 0
201002112 0
201002121 -99
201010000 4776
201010002 305
201010012 -99
201010020 27
201010021 0
201010102 -297
201010120 -297
201010200 202
201010201 286
201010210 0
201010212 0
201010221 791
201011002 406
201011020 2236
201011022 204
201011122 -99
201011200 808
201011202 1826
201011212 1620
201011220 2131
201011221 -495
201012000 267
201012001 511
201012010 0
201012012 0
201012021 -30
201012100 -792
201012112 0
201012121 -297
201012201 286
201012210 -57
201012211 101
201020001 -36
201020010 101
201020011 0
201020100 -99
201020101 21
201020110 0
201020112 0
201020121 69
201020211 475
201021000 18507
201021001 -990
201021010 15277
201021012 2323
201021100 1010
201021102 0
201021120 101
201021121 -99
201021210 1418
201021211 -792
201022101 42
201022110 2
201022111 -99
201100000 7827
201100002 2
201100012 0
201100020 0
201100021 -57
201100102 204
201100120 0
201100122 0
201100200 303
201100201 0
201100210 0
201100221 0
201101002 0
201101020 0
201101122 101
201101200 713
201101202 814
201101212 -198
201101220 0
201101221 0
201102000 324
201102001 0
201102010 0
201102012 0
201102021 0
201102100 0
201102102 0
201102120 -78
201102121 0
201110002 -99
201110020 2
201110022 105
201110122 -198
201110200 1325
201110202 2040
201110212 -792
201110220 0
201110221 42
201111022 -99
201111202 -693
201111220 -495
201112000 63
201112002 0
201112020 0
201112021 147
201112120 -198
201112200 63
201112201 420
201112210 -36
201112212 -396
201112221 294
201120000 95378
201120001 30
201120010 6666
201120012 12726
201120021 -108
201120100 5277
201120102 303
201120120 244
201120121 63
201120201 30
201120210 0
201120211 48
201121000 27573
201121002 27573
201121020 4959
201121021 -792
201121120 5454
201121122 1111
201121200 0
201121201 -297
201121210 202
201121212 505
201122001 177
201122010 206
201122011 69
201122100 13830
201122101 591
201122110 911
201122112 1313
201122121 1260
201122211 315
201200001 -99
201200010 303
201200011 101
201200100 0
201200101 0
201200110 101
201200112 0
201200211 0
201201000 911
201201001 -1386
201201010 202
201201012 -99
201201100 0
201201112 0
201201121 -99
201201210 0
201202011 0
201202110 0
201210000 20212
201210001 606
201210010 2024
201210012 -99
201210021 0
201210100 -594
201210112 -198
201210121 -99
201210201 909
201210210 101
201211000 22626
201211002 204
201211012 915
201211020 408
201211021 -99
201211102 -198
201211120 -99
201211200 23735
201211212 3131
201212001 1719
201212010 1214
201212011 1717
201212101 -198
201212110 0
201212211 1818
201220011 0
201220101 0
201220110 101
201220111 0
201221010 13457
201221011 -1881
201221100 2
201221101 -99
201221110 9999
201221112 9999
202000011 911
202000101 0
202000110 2
202000111 0
202001001 10876
202001010 505
202001011 707
202001100 10695
202001101 1134
202001110 606
202001112 0
202001121 21
202001211 101
202010001 6938
202010010 230808
202010011 16980
202010100 3699987
202010101 117700
202010110 386032
202010112 19110
202010121 33847
202010211 11132
202011000 439800
202011001 40320
202011010 14047
202011012 1317
202011021 180
202011100 709042
202011102 56839
202011112 83855
202011120 13964
202011121 18108
202011201 89156
202011210 34867
202011211 138774
202012011 1933
202012101 126320
202012110 21849
202012111 -21483
202021011 17032
202021101 21
202021110 1214
202021111 -2475
202100001 7558
202100010 2
202100011 404
202100100 425
202100101 223
202100110 0
202100112 606
202100121 446
202100211 101
202101000 16030
202101001 9258
202101010 1111
202101012 202
202101021 -15
202101100 1616
202101102 404
202101112 202
202101120 101
202101121 223
202101201 709
202101210 0
202101211 0
202102011 606
202102101 101
202102110 0
202102111 0
202110000 70495
202110001 1334
202110010 8690
202110012 105
202110021 225
202110100 3050843
202110102 188234
202110112 41915
202110120 234851
202110121 270788
202110201 2
202110210 1525
202110211 2129
202111000 -10791
202111012 -198
202111021 -396
202111102 -27720
202111120 -7326
202111201 -3267
202111210 -594
202112001 223
202112010 1214
202112011 2836
202112100 265413
202112101 176889
202112110 54843
202112112 14948
202112121 15981
202112211 -1287
202120011 1313
202120101 0
202120110 2
202120111 -99
202121001 808
202121010 6969
202121011 5656
202121100 223
202121101 21
202121110 808
202121112 303
202121121 63
202121211 1212
202201011 30964
202201101 105
202201110 0
202201111 -2970
202210011 816
202210101 17631
202210110 31038
202210111 -5841
202211001 1195
202211010 1620
202211011 32926
202211100 229624
202211101 247778
202211110 41612
202211112 -26631
202211121 21525
202211211 30300
210000000 0
210000001 290
210000010 -99
210000012 103
210000021 -198
210000100 44
210000102 202
210000112 0
210000120 164
210000121 0
210000201 223
210000210 101
210000211 0
210001000 9184
210001002 305
210001012 101
210001020 610
210001021 307
210001102 707
210001120 149
210001122 101
210001200 1018
210001201 202
210001210 0
210001212 0
210001221 202
210002001 21
210002010 202
210002011 0
210002100 0
210002101 0
210002110 101
210002112 2
210002121 21
210010000 5584
210010002 202
210010012 0
210010020 305
210010021 0
210010102 -97
210010120 -78
210010122 -297
210010200 126
210010201 749
210010210 -99
210010221 425
210011002 515
210011020 23265
210011022 1121
210011122 -198
210011200 1731
210011202 74883
210011212 -17622
210011220 2529
210011221 2230
210012000 267
210012001 0
210012010 -99
210012021 -78
210012100 5343
210012102 307
210012112 0
210012120 75
210012121 174
210012201 -15
210012211 -99
210020001 21
210020010 1012
210020011 -97
210020100 101
210020101 126
210020110 303
210020112 0
210020121 0
210020211 101
210021000 707
210021001 0
210021010 99396
210021012 25149
210021021 21
210021100 0
210021102 505
210021120 0
210021121 21
210021201 0
210021210 14645
210021211 4343
210022011 21
210022101 21
210022110 0
210022111 0
210100000 98350
210100002 205338
210100012 10712
210100020 0
210100021 -99
210100102 18388
210100120 -99
210100122 210
210100200 0
210100201 101
210100210 -99
210100212 911
210100221 -99
210101002 13140
210101020 223
210101022 507
210101122 303
210101200 2
210101202 307
210101212 -196
210101220 0
210101221 -99
210102000 0
210102001 0
210102010 0
210102012 810
210102021 0
210102102 2626
210102112 202
210102120 63
210102121 0
210102201 0
210102210 -99
210102211 -99
210110002 8348
210110020 -99
210110022 204
210110122 -297
210110200 4801
210110202 20045
210110212 -4554
210110220 0
210110221 -78
210111022 -297
210111202 -16929
210111220 -99
210112000 -57
210112002 -295
210112012 -297
210112020 42
210112021 21
210112102 1012
210112120 -57
210112122 -495
210112200 42
210112201 105
210112210 -99
210112221 147
210120000 829
210120001 568
210120010 101
210120012 10201
210120021 42
210120100 101
210120102 23432
210120120 0
210120121 0
210120201 0
210120210 0
210120211 0
210121000 0
210121002 12726
210121020 303
210121021 42
210121120 0
210121122 909
210121200 0
210121210 1616
210121212 404
210121221 -99
210122001 21
210122010 0
210122011 0
210122100 0
210122101 -99
210122110 -99
210122112 101
210122121 0
210122211 0
210200001 21
210200010 0
210200011 0
210200100 21
210200101 0
210200110 0
210200112 101
210201000 202
210201001 1031
210201010 0
210201012 303
210201021 -99
210201100 0
210201102 0
210201112 101
210201120 0
210201121 -78
210201201 404
210202110 0
210210000 106940
210210001 11990
210210010 -3861
210210021 2449
210210100 84
210210102 -198
210210112 -198
210210120 -72
210210121 63
210210201 2020
210211000 118699
210211002 1426
210211012 -495
210211020 137122
210211021 22165
210211102 -297
210211120 984
210211122 -2178
210211200 1717
210211221 24745
210212001 515
210212011 -396
210212100 -1188
210212101 -495
210212110 -594
210212121 -1089
210220011 -97
210220101 0
210220110 0
210220111 -198
210221001 101
210221010 12524
210221011 4347
210221101 -99
210221110 2525
210221112 2929
210221121 -198
210221211 5353
211000000 -97
211000002 3337
211000012 2
211000020 -99
211000021 -99
211000102 -198
211000120 0
211000122 0
211000200 0
211000201 42
211000210 101
211000212 -99
211000221 0
211001002 101
211001020 0
211001022 0
211001122 0
211001200 1616
211001202 101
211001212 101
211001220 202
211001221 0
211002000 0
211002001 21
211002010 101
211002012 0
211002021 0
211002100 202
211002102 2
211002112 -99
211002120 0
211002121 -78
211002201 42
211002210 0
211002211 0
211010002 606
211010020 126
211010022 0
211010122 -198
211010200 21
211010202 20026
211010212 -1188
211010220 122
211010221 1254
211011022 1721
211011202 130088
211011220 5353
211011222 17877
211012000 63
211012002 0
211012020 0
211012021 -15
211012102 -198
211012120 -99
211012200 84
211012201 122
211012210 0
211012221 168
211020000 3539
211020001 105
211020010 404
211020012 202
211020021 0
211020100 103
211020102 0
211020120 0
211020121 126
211020201 0
211020210 202
211020211 829
211021000 812
211021002 303
211021020 0
211021021 0
211021120 0
211021200 2125
211021201 -99
211021210 15453
211021212 2222
211022001 126
211022010 0
211022011 21
211022100 1111
211022101 21
211022110 101
211022112 0
211022121 168
211022211 42
211100002 162234
211100020 0
211100022 8282
211100122 612
211100200 0
211100202 6971
211100212 1317
211100221 0
211101022 7979
211101202 2020
211101220 0
211101222 707
211102000 303
211102002 6593
211102012 1315
211102020 0
211102102 8803
211102120 84
211102122 -1188
211102200 0
211102201 21
211102212 -297
211102221 0
211110022 913
211110202 36073
211110220 21
211110222 37976
211112002 -693
211112020 21
211112022 -792
211112122 -2475
211112200 147
211112202 -1089
211112212 -1782
211112220 189
211112221 798
211120000 76478
211120002 219069
211120020 21
211120021 210
211120120 63
211120122 909
211120200 21
211120201 321
211120210 21
211120212 3434
211120221 -99
211121020 707
211121022 8585
211121200 -99
211121202 6363
211121220 -99
211121221 -297
211122000 122
211122001 168
211122010 0
211122012 2626
211122021 231
211122100 13959
211122102 25856
211122120 231
211122121 1890
211122201 609
211122210 21
211122211 987
211200000 -99
211200001 -99
211200010 0
211200012 -99
211200021 -99
211200100 0
211200102 -99
211200112 0
211200121 0
211200201 0
211200210 0
211201000 0
211201002 0
211201012 303
211201021 -99
211201102 0
211201200 0
211201212 202
211202001 0
211202010 101
211202011 0
211202100 0
211202110 101
211202112 -99
211202121 -99
211210000 3743
211210002 505
211210012 -99
211210020 14366
211210021 1519
211210102 -198
211210120 -693
211210200 0
211210221 3535
211211002 2729
211211020 130519
211211022 -6633
211211122 -8811
211211202 140996
211211220 142713
211212000 206
211212001 2828
211212010 -198
211212021 -1089
211212100 -594
211212112 -99
211212121 -2277
211212201 12120
211220001 -99
211220010 505
211220011 0
211220100 -99
211220101 0
211220110 0
211220121 -99
211220211 808
211221000 0
211221001 -99
211221010 23028
211221012 2222
211221100 -99
211221102 505
211221120 -198
211221121 -495
211221210 36663
211222011 0
211222101 0
211222110 202
212000001 2234
212000010 0
212000011 0
212000100 23
212000101 84
212000110 -99
212000112 0
212000121 42
212001000 7566
212001001 3120
212001010 303
212001012 0
212001021 231
212001100 227
212001102 612
212001112 0
212001120 48
212001121 63
212001201 103
212001210 0
212001211 0
212002011 -99
212002101 21
212002110 0
212002111 0
212010000 986
212010001 446
212010010 -4653
212010021 126
212010100 128608
212010102 6461
212010112 -4455
212010120 876
212010121 1050
212010201 202
212010211 -990
212011000 7660
212011002 -693
212011012 -396
212011020 123
212011021 63
212011102 -5049
212011120 1848
212011122 -5643
212011200 507
212011201 2337
212011210 -495
212011221 -1188
212012001 195
212012011 -198
212012100 130885
212012101 6882
212012110 -15543
212012121 15078
212020011 -99
212020101 252
212020110 303
212020111 0
212021001 202
212021010 78287
212021011 24773
212021100 707
212021101 231
212021110 8688
212021112 8888
212021121 336
212021211 30098
212100000 202
212100001 324
212100010 0
212100012 711
212100021 0
212100100 -78
212100102 4561
212100112 303
212100120 -99
212100121 0
212100201 202
212100210 0
212100211 101
212101000 19528
212101002 1319
212101012 1113
212101020 153
212101021 525
212101102 2531
212101120 -99
212101122 -396
212101200 509
212101201 1317
212101210 101
212101212 -396
212101221 -198
212102001 21
212102011 -99
212102100 0
212102101 21
212102112 101
212102121 21
212102211 -99
212110000 1317
212110002 2024
212110012 -198
212110020 21
212110021 63
212110102 190305
212110120 330
212110122 -17226
212110200 -99
212110201 -99
212110210 -198
212110221 -198
212111002 -396
212111020 -99
212111122 -23265
212111200 -99
212111212 -396
212111221 -1584
212112000 -198
212112001 -78
212112010 -198
212112021 105
212112100 344612
212112102 552066
212112120 966
212112121 32151
212112201 -297
212112211 -1683
212120001 728
212120010 0
212120011 303
212120100 1860
212120101 63
212120110 0
212120112 1111
212120121 63
212120211 404
212121000 17877
212121001 2748
212121010 84638
212121012 5454
212121021 588
212121100 2344
212121102 6767
212121120 147
212121121 1197
212121201 4242
212121210 83123
212122011 -99
212122101 -99
212122110 -99
212122111 -297
212200101 0
212200110 -99
212200111 0
212201001 4168
212201010 0
212201011 2424
212201100 42
212201101 -72
212201110 -99
212201112 -99
212201121 147
212201211 2525
212210001 10688
212210011 -891
212210100 1302
212210101 651
212210110 -4158
212210121 1239
212211000 8351
212211001 23478
212211010 -99
212211021 399
212211100 2706
212211102 -5049
212211112 -31779
212211120 20811
212211121 44121
212211201 26765
212212101 -3960
212212111 -3960
212221011 -1584
212221101 -198
212221110 -99
212221111 -1881
220000011 -99
220000101 -99
220000110 -99
220000111 0
220001001 818
220001010 105
220001011 -99
220001100 103
220001101 0
220001110 0
220001112 101
220001121 0
220001211 0
220010001 532
220010010 930
220010011 0
220010100 1313
220010101 101
220010110 0
220010112 101
220010121 101
220010211 0
220011000 40371
220011001 3537
220011010 1123
220011012 10295
220011021 2246
220011100 38616
220011102 3444
220011112 15525
220011120 2654
220011121 6090
220011201 4353
220011210 101
220011211 4949
220012011 0
220012101 0
220012110 -198
220012111 -99
220021011 406
220021110 812
220021111 -99
220100001 103
220100010 4004
220100011 223
220100100 3943
220100101 303
220100110 202
220100112 0
220100121 101
220100211 0
220101000 1521
220101001 711
220101010 408
220101012 -198
220101021 -99
220101100 4852
220101102 307
220101112 101
220101120 1822
220101121 2020
220101201 0
220101210 -99
220101211 0
220102011 387
220102101 0
220102110 101
220102111 0
220110000 19039
220110001 105
220110010 22187
220110012 1121
220110021 -99
220110100 909
220110102 101
220110112 1618
220110120 -99
220110121 101
220110201 23
220110210 363
220110211 404
220111000 -1584
220111012 -1089
220111021 -396
220111102 -198
220111120 -693
220111201 -198
220111210 -396
220112001 0
220112010 860
220112011 404
220112100 204
220112101 101
220112110 915
220112112 -396
220112121 -495
220112211 84
220120011 103
220120101 0
220120110 -99
220120111 -99
220121001 -99
220121010 1113
220121011 608
220121100 303
220121101 0
220121110 1010
220121112 0
220121121 505
220121211 -396
220201011 3955
220201101 204
220201110 101
220201111 -396
220210011 1418
220210101 0
220210110 0
220210111 -198
220211001 406
220211010 404
220211011 7171
220211100 1628
220211101 404
220211110 1628
220211112 -4455
220211121 -1683
220211211 2424
221000001 -99
221000010 -99
221000011 -99
221000100 0
221000101 -99
221000110 -99
221000112 101
221000121 0
221000211 0
221001000 1016
221001001 -198
221001010 -99
221001012 -99
221001100 305
221001102 0
221001112 0
221001120 0
221001210 -99
221001211 0
221002011 0
221002101 0
221002110 0
221010000 309
221010001 -78
221010010 101
221010012 -99
221010021 0
221010100 -99
221010112 0
221010121 0
221010201 168
221010210 0
221010211 21
221011000 1525
221011002 -198
221011012 -891
221011020 -495
221011021 -198
221011102 -198
221011120 -297
221011200 -99
221011201 -396
221011210 0
221011212 -792
221012001 168
221012010 63
221012011 21
221012101 0
221012110 -99
221012211 294
221020011 -99
221020101 -99
221020110 0
221020111 0
221021010 1315
221021011 -198
221021100 1313
221021101 -99
221021110 305
221021112 404
221100000 103
221100001 -99
221100010 103
221100012 -99
221100021 0
221100100 202
221100102 103
221100112 101
221100120 101
221100121 0
221100201 0
221100210 0
221101000 812
221101002 101
221101012 -99
221101020 101
221101021 -99
221101102 509
221101120 202
221101122 -198
221101200 -99
221101201 -99
221101210 -99
221101212 -396
221102001 0
221102010 0
221102011 84
221102100 0
221102110 0
221102112 0
221102211 84
221110000 -57
221110002 -99
221110012 -198
221110020 -99
221110021 -99
221110102 -99
221110120 -99
221110200 63
221110201 168
221110210 420
221110212 -495
221110221 -990
221111002 -99
221111020 -297
221111122 -198
221111200 -99
221111212 -1683
221111221 -990
221112000 -99
221112001 147
221112010 111
221112012 -297
221112021 -99
221112100 -99
221112112 -693
221112121 -594
221112201 693
221112210 714
221112211 1869
221120001 2
221120010 202
221120011 -99
221120100 707
221120101 2
221120110 202
221120112 303
221120121 101
221120211 -198
221121000 1113
221121001 -198
221121010 2426
221121012 3939
221121100 3232
221121102 909
221121120 8282
221121210 -99
221121211 -693
221122011 -198
221122101 -495
221122110 -99
221122111 -792
221200011 2
221200101 -99
221200110 -99
221200111 0
221201010 -99
221201011 -495
221201100 -99
221201101 -198
221201110 -99
221201112 -99
221210001 -99
221210010 4147
221210011 507
221210101 -99
221210110 -396
221210211 606
221211000 2428
221211001 -99
221211010 6666
221211012 -693
221211100 -198
221211112 -5247
221211121 -1683
221211210 7878
221212011 -396
221212111 -396
221221110 -99
221221111 -99
222001011 101
222001101 1010
222001110 0
222010011 20099
222010101 31714
222010110 379659
222011001 14140
222011010 1010
222011100 663166
222011112 128977
222011121 19897
222011211 129886
222100011 303
222100101 202
222100110 505
222101001 9090
222101010 707
222101100 4949
222101112 404
222101121 1717
222110001 105545
222110010 29088
222110100 2648220
222110112 56459
222110121 295627
222110211 16867
222112011 5656
222112101 190284
222112110 75649
222121011 7171
222121101 0
222121110 2828
222211011 35249
222211101 264317
222211110 63125
